%time,field.header.seq,field.header.stamp,field.header.frame_id,field.pose.pose.position.x,field.pose.pose.position.y,field.pose.pose.position.z,field.pose.pose.orientation.x,field.pose.pose.orientation.y,field.pose.pose.orientation.z,field.pose.pose.orientation.w,field.pose.covariance0,field.pose.covariance1,field.pose.covariance2,field.pose.covariance3,field.pose.covariance4,field.pose.covariance5,field.pose.covariance6,field.pose.covariance7,field.pose.covariance8,field.pose.covariance9,field.pose.covariance10,field.pose.covariance11,field.pose.covariance12,field.pose.covariance13,field.pose.covariance14,field.pose.covariance15,field.pose.covariance16,field.pose.covariance17,field.pose.covariance18,field.pose.covariance19,field.pose.covariance20,field.pose.covariance21,field.pose.covariance22,field.pose.covariance23,field.pose.covariance24,field.pose.covariance25,field.pose.covariance26,field.pose.covariance27,field.pose.covariance28,field.pose.covariance29,field.pose.covariance30,field.pose.covariance31,field.pose.covariance32,field.pose.covariance33,field.pose.covariance34,field.pose.covariance35
14578000000,0,770000000,map,0.00805102091503,-0.0145088890166,0.0,0.0,0.0,6.12238445104e-05,0.999999998126,0.240854842633,-0.00613943256655,0.0,0.0,0.0,0.0,-0.00613943256655,0.255309742829,0.0,0.0,0.0,0.0,0.0,0.0,0.0,0.0,0.0,0.0,0.0,0.0,0.0,0.0,0.0,0.0,0.0,0.0,0.0,0.0,0.0,0.0,0.0,0.0,0.0,0.0,0.0,0.0720702886445
24835000000,1,24772000000,map,0.100412675446,0.00931719502415,0.0,0.0,0.0,0.110289779601,0.993899474049,0.236208053701,-0.00276413765017,0.0,0.0,0.0,0.0,-0.00276413765017,0.246057594008,0.0,0.0,0.0,0.0,0.0,0.0,0.0,0.0,0.0,0.0,0.0,0.0,0.0,0.0,0.0,0.0,0.0,0.0,0.0,0.0,0.0,0.0,0.0,0.0,0.0,0.0,0.0,0.0718556012844
25234000000,2,25172000000,map,0.1683634659,0.0547403245627,0.0,0.0,0.0,0.22340874107,0.974724850619,0.228416084645,0.00311341249944,0.0,0.0,0.0,0.0,0.00311341249944,0.236815567859,0.0,0.0,0.0,0.0,0.0,0.0,0.0,0.0,0.0,0.0,0.0,0.0,0.0,0.0,0.0,0.0,0.0,0.0,0.0,0.0,0.0,0.0,0.0,0.0,0.0,0.0,0.0,0.0764916328593
25634000000,3,25572000000,map,0.239212061992,0.100577631449,0.0,0.0,0.0,0.36914888675,0.929370270351,0.226599712822,-0.00427039517536,0.0,0.0,0.0,0.0,-0.00427039517536,0.236560644035,0.0,0.0,0.0,0.0,0.0,0.0,0.0,0.0,0.0,0.0,0.0,0.0,0.0,0.0,0.0,0.0,0.0,0.0,0.0,0.0,0.0,0.0,0.0,0.0,0.0,0.0,0.0,0.07742231611
26033000000,4,25972000000,map,0.298030069397,0.155697575368,0.0,0.0,0.0,0.479886296673,0.87733069151,0.234399159116,0.000653111264291,0.0,0.0,0.0,0.0,0.000653111264291,0.234449943392,0.0,0.0,0.0,0.0,0.0,0.0,0.0,0.0,0.0,0.0,0.0,0.0,0.0,0.0,0.0,0.0,0.0,0.0,0.0,0.0,0.0,0.0,0.0,0.0,0.0,0.0,0.0,0.0755597718257
26632000000,5,26572000000,map,0.357190474444,0.2643841409,0.0,0.0,0.0,0.588699593423,0.80835189658,0.241452586032,0.000315875021323,0.0,0.0,0.0,0.0,0.000315875021323,0.232636063086,0.0,0.0,0.0,0.0,0.0,0.0,0.0,0.0,0.0,0.0,0.0,0.0,0.0,0.0,0.0,0.0,0.0,0.0,0.0,0.0,0.0,0.0,0.0,0.0,0.0,0.0,0.0,0.0759031464018
27633000000,6,27572000000,map,0.406411642429,0.469526326476,0.0,0.0,0.0,0.664118554085,0.747627277539,0.25931410356,-0.00481934028646,0.0,0.0,0.0,0.0,-0.00481934028646,0.240008232314,0.0,0.0,0.0,0.0,0.0,0.0,0.0,0.0,0.0,0.0,0.0,0.0,0.0,0.0,0.0,0.0,0.0,0.0,0.0,0.0,0.0,0.0,0.0,0.0,0.0,0.0,0.0,0.071137929874
28632000000,7,28572000000,map,0.408639624422,0.674920062023,0.0,0.0,0.0,0.703671535383,0.71052541847,0.269308519529,-0.00901333260662,0.0,0.0,0.0,0.0,-0.00901333260662,0.248530902657,0.0,0.0,0.0,0.0,0.0,0.0,0.0,0.0,0.0,0.0,0.0,0.0,0.0,0.0,0.0,0.0,0.0,0.0,0.0,0.0,0.0,0.0,0.0,0.0,0.0,0.0,0.0,0.0707495630059
30034000000,8,29972000000,map,0.409424574885,0.911106753318,0.0,0.0,0.0,0.71094139304,0.703251260691,0.283564283824,-0.0157087186452,0.0,0.0,0.0,0.0,-0.0157087186452,0.242267155193,0.0,0.0,0.0,0.0,0.0,0.0,0.0,0.0,0.0,0.0,0.0,0.0,0.0,0.0,0.0,0.0,0.0,0.0,0.0,0.0,0.0,0.0,0.0,0.0,0.0,0.0,0.0,0.0725060340134
31233000000,9,31172000000,map,0.394705812967,0.975663888568,0.0,0.0,0.0,0.58024719857,0.814440414366,0.289049151938,-0.022899174373,0.0,0.0,0.0,0.0,-0.022899174373,0.236346820039,0.0,0.0,0.0,0.0,0.0,0.0,0.0,0.0,0.0,0.0,0.0,0.0,0.0,0.0,0.0,0.0,0.0,0.0,0.0,0.0,0.0,0.0,0.0,0.0,0.0,0.0,0.0,0.073783207694
31433000000,10,31372000000,map,0.395416784109,0.978427729964,0.0,0.0,0.0,0.466743871259,0.884392536514,0.29445361746,-0.0197188391948,0.0,0.0,0.0,0.0,-0.0197188391948,0.25021033385,0.0,0.0,0.0,0.0,0.0,0.0,0.0,0.0,0.0,0.0,0.0,0.0,0.0,0.0,0.0,0.0,0.0,0.0,0.0,0.0,0.0,0.0,0.0,0.0,0.0,0.0,0.0,0.0742432602204
31634000000,11,31572000000,map,0.382684013518,0.99114370379,0.0,0.0,0.0,0.344021180947,0.93896188797,0.289484554639,-0.0166943990602,0.0,0.0,0.0,0.0,-0.0166943990602,0.250179316943,0.0,0.0,0.0,0.0,0.0,0.0,0.0,0.0,0.0,0.0,0.0,0.0,0.0,0.0,0.0,0.0,0.0,0.0,0.0,0.0,0.0,0.0,0.0,0.0,0.0,0.0,0.0,0.0759417913438
31835000000,12,31772000000,map,0.376528526856,0.980614622666,0.0,0.0,0.0,0.21433865841,0.976759407178,0.291179344404,-0.0219672959053,0.0,0.0,0.0,0.0,-0.0219672959053,0.251688676987,0.0,0.0,0.0,0.0,0.0,0.0,0.0,0.0,0.0,0.0,0.0,0.0,0.0,0.0,0.0,0.0,0.0,0.0,0.0,0.0,0.0,0.0,0.0,0.0,0.0,0.0,0.0,0.0745325377128
32036000000,13,31972000000,map,0.391538153191,1.00378561178,0.0,0.0,0.0,0.0829206691585,0.996556151266,0.289574935369,-0.0261260891107,0.0,0.0,0.0,0.0,-0.0261260891107,0.265264450459,0.0,0.0,0.0,0.0,0.0,0.0,0.0,0.0,0.0,0.0,0.0,0.0,0.0,0.0,0.0,0.0,0.0,0.0,0.0,0.0,0.0,0.0,0.0,0.0,0.0,0.0,0.0,0.0715894299873
32236000000,14,32172000000,map,0.38582754526,0.983945200412,0.0,0.0,0.0,-0.0277708517269,0.999614315521,0.285975389312,-0.0333502831862,0.0,0.0,0.0,0.0,-0.0333502831862,0.265520310483,0.0,0.0,0.0,0.0,0.0,0.0,0.0,0.0,0.0,0.0,0.0,0.0,0.0,0.0,0.0,0.0,0.0,0.0,0.0,0.0,0.0,0.0,0.0,0.0,0.0,0.0,0.0,0.0725831846723
38832000000,15,38772000000,map,0.589031031904,0.960333514223,0.0,0.0,0.0,-0.100223483117,0.994964950856,0.280418909495,-0.0359986527457,0.0,0.0,0.0,0.0,-0.0359986527457,0.270159467808,0.0,0.0,0.0,0.0,0.0,0.0,0.0,0.0,0.0,0.0,0.0,0.0,0.0,0.0,0.0,0.0,0.0,0.0,0.0,0.0,0.0,0.0,0.0,0.0,0.0,0.0,0.0,0.0718294733253
39835000000,16,39772000000,map,0.784089167623,0.935525832354,0.0,0.0,0.0,-0.0897864785822,0.995961037523,0.278297770876,-0.0381002834431,0.0,0.0,0.0,0.0,-0.0381002834431,0.280361320341,0.0,0.0,0.0,0.0,0.0,0.0,0.0,0.0,0.0,0.0,0.0,0.0,0.0,0.0,0.0,0.0,0.0,0.0,0.0,0.0,0.0,0.0,0.0,0.0,0.0,0.0,0.0,0.0729121432117
40840000000,17,40772000000,map,0.977860089804,0.918265580983,0.0,0.0,0.0,-0.0276452058399,0.999617798258,0.275932180468,-0.0574393401487,0.0,0.0,0.0,0.0,-0.0574393401487,0.308753233284,0.0,0.0,0.0,0.0,0.0,0.0,0.0,0.0,0.0,0.0,0.0,0.0,0.0,0.0,0.0,0.0,0.0,0.0,0.0,0.0,0.0,0.0,0.0,0.0,0.0,0.0,0.0,0.0750270568163
41833000000,18,41772000000,map,1.1759595866,0.937917122647,0.0,0.0,0.0,0.0354738889886,0.99937060353,0.284422848731,-0.0670809575654,0.0,0.0,0.0,0.0,-0.0670809575654,0.334303391882,0.0,0.0,0.0,0.0,0.0,0.0,0.0,0.0,0.0,0.0,0.0,0.0,0.0,0.0,0.0,0.0,0.0,0.0,0.0,0.0,0.0,0.0,0.0,0.0,0.0,0.0,0.0,0.0715510989959
42838000000,19,42773000000,map,1.35945176108,0.973490538802,0.0,0.0,0.0,0.0708939133206,0.997483861049,0.288267219127,-0.0834697201866,0.0,0.0,0.0,0.0,-0.0834697201866,0.36230628122,0.0,0.0,0.0,0.0,0.0,0.0,0.0,0.0,0.0,0.0,0.0,0.0,0.0,0.0,0.0,0.0,0.0,0.0,0.0,0.0,0.0,0.0,0.0,0.0,0.0,0.0,0.0,0.0724039994629
44434000000,20,44372000000,map,1.58612146574,0.969781710192,0.0,0.0,0.0,0.0215199629195,0.999768418783,0.285593673823,-0.106710340365,0.0,0.0,0.0,0.0,-0.106710340365,0.425573544037,0.0,0.0,0.0,0.0,0.0,0.0,0.0,0.0,0.0,0.0,0.0,0.0,0.0,0.0,0.0,0.0,0.0,0.0,0.0,0.0,0.0,0.0,0.0,0.0,0.0,0.0,0.0,0.0726390668004
50436000000,21,50373000000,map,1.72145810265,0.962215337775,0.0,0.0,0.0,-0.0952596272853,0.995452461652,0.278647495789,-0.123201113176,0.0,0.0,0.0,0.0,-0.123201113176,0.470547348496,0.0,0.0,0.0,0.0,0.0,0.0,0.0,0.0,0.0,0.0,0.0,0.0,0.0,0.0,0.0,0.0,0.0,0.0,0.0,0.0,0.0,0.0,0.0,0.0,0.0,0.0,0.0,0.0745494592426
50834000000,22,50773000000,map,1.80040659153,0.927451575463,0.0,0.0,0.0,-0.249101809572,0.968477304054,0.276228531434,-0.130478192211,0.0,0.0,0.0,0.0,-0.130478192211,0.508522670937,0.0,0.0,0.0,0.0,0.0,0.0,0.0,0.0,0.0,0.0,0.0,0.0,0.0,0.0,0.0,0.0,0.0,0.0,0.0,0.0,0.0,0.0,0.0,0.0,0.0,0.0,0.0,0.0791036998367
51236000000,23,51173000000,map,1.85774722278,0.863432175417,0.0,0.0,0.0,-0.382912793888,0.923784494499,0.26853924679,-0.127126795448,0.0,0.0,0.0,0.0,-0.127126795448,0.542274690722,0.0,0.0,0.0,0.0,0.0,0.0,0.0,0.0,0.0,0.0,0.0,0.0,0.0,0.0,0.0,0.0,0.0,0.0,0.0,0.0,0.0,0.0,0.0,0.0,0.0,0.0,0.0,0.0794166130619
51637000000,24,51573000000,map,1.89543998193,0.809914017373,0.0,0.0,0.0,-0.481012607409,0.876713677043,0.255810177569,-0.121561308456,0.0,0.0,0.0,0.0,-0.121561308456,0.557183982381,0.0,0.0,0.0,0.0,0.0,0.0,0.0,0.0,0.0,0.0,0.0,0.0,0.0,0.0,0.0,0.0,0.0,0.0,0.0,0.0,0.0,0.0,0.0,0.0,0.0,0.0,0.0,0.0779042272394
52235000000,25,52173000000,map,1.94520392349,0.697283003525,0.0,0.0,0.0,-0.592398927895,0.805644779185,0.249321592734,-0.115716391416,0.0,0.0,0.0,0.0,-0.115716391416,0.574006914398,0.0,0.0,0.0,0.0,0.0,0.0,0.0,0.0,0.0,0.0,0.0,0.0,0.0,0.0,0.0,0.0,0.0,0.0,0.0,0.0,0.0,0.0,0.0,0.0,0.0,0.0,0.0,0.0759807974485
53232000000,26,53173000000,map,1.98675601912,0.47017144175,0.0,0.0,0.0,-0.678033153649,0.735031320797,0.233897695203,-0.0890080372054,0.0,0.0,0.0,0.0,-0.0890080372054,0.605741200014,0.0,0.0,0.0,0.0,0.0,0.0,0.0,0.0,0.0,0.0,0.0,0.0,0.0,0.0,0.0,0.0,0.0,0.0,0.0,0.0,0.0,0.0,0.0,0.0,0.0,0.0,0.0,0.080360724233
54234000000,27,54173000000,map,1.99655814662,0.273167591537,0.0,0.0,0.0,-0.706892447839,0.707321049586,0.224878115476,-0.0599600444523,0.0,0.0,0.0,0.0,-0.0599600444523,0.613040155826,0.0,0.0,0.0,0.0,0.0,0.0,0.0,0.0,0.0,0.0,0.0,0.0,0.0,0.0,0.0,0.0,0.0,0.0,0.0,0.0,0.0,0.0,0.0,0.0,0.0,0.0,0.0,0.0815953241847
55833000000,28,55773000000,map,2.00252696615,0.057331040427,0.0,0.0,0.0,-0.728771148259,0.68475733911,0.231967121649,-0.0305734853948,0.0,0.0,0.0,0.0,-0.0305734853948,0.597457153603,0.0,0.0,0.0,0.0,0.0,0.0,0.0,0.0,0.0,0.0,0.0,0.0,0.0,0.0,0.0,0.0,0.0,0.0,0.0,0.0,0.0,0.0,0.0,0.0,0.0,0.0,0.0,0.0790801752901
